[49.7534047019972,8.7717067638456,0.6],
[49.86837440157588,8.634747302937926,0.8],
[49.857443114130284,8.569403820529082,1.0],
[49.906106617312126,8.585409218930788,0.1],
[49.80017299055223,8.60502245471627,0.2],
[49.861160779691765,8.63198519072159,0.5],
[49.950576271202166,8.633198389222553,0.3],
[49.95325682933691,8.64592863744454,0.5],
[49.883786116276006,8.658227275060584,0.7],
[49.4643680430716,9.00480960417395,0.4],
[49.898360320309465,8.655819842952564,0.4],
[49.809171382088316,8.66470620923775,0.0],
[49.7562573929945,8.95532116913742,0.8],
[49.4643680430716,9.00480960417395,0.8],
[49.7534047019972,8.7717067638456,0.9],
[49.80028098724027,8.60409564355618,0.0],
[49.80028098724027,8.60409564355618,0.6],
[50.1383894688136,9.32639816107057,0.5],
[49.92991869955784,8.649829070388636,0.5],
[49.7532631397802,8.75811254208192,0.1],
[50.1383894688136,9.32639816107057,0.7],
[49.92991869955784,8.649829070388636,0.5],
[49.7534047019972,8.7717067638456,0.7],
[49.92991869955784,8.649829070388636,0.1],
[49.950576271202166,8.633198389222553,0.8],
[49.883786116276006,8.658227275060584,0.5],
[49.7562573929945,8.95532116913742,0.6],
[49.898360320309465,8.655819842952564,0.6],
[49.8782859824712,8.654336567471166,0.8],
[49.80049046589601,8.606357088711588,0.8],